27
2
73
3
30
4
40
5
90
6
21
7
54
8
90
9
87
10
86
11
36
12
7
13
28
14
23
15
30
16
5
17
83
18
6
19
19
20
39
21
45
22
78
23
55
24
12
25
69
26
79
27
93
28
27
29
11
30
66
31
15
32
46
33
60
34
48
35
28
36
12
37
10
38
41
39
51
40
78
41
40
42
7
43
19
44
27
45
89
46
95
47
48
48
98
49
58
50
39
51
1
52
93
53
26
54
33
55
52
56
48
57
19
58
19
59
71
60
11
61
27
62
27
63
80
64
21
65
71
66
90
67
46
68
80
69
94
70
19
71
95
72
42
73
55
74
41
75
99
76
39
77
59
78
28
79
22
80
74
81
32
82
94
83
69
84
71
85
66
86
22
87
20
88
28
89
95
90
80
91
92
92
91
93
70
94
41
95
51
96
13
97
26
98
98
99
56
100
99
101
49
102
68
103
5
104
40
105
44
106
58
107
39
108
85
109
33
110
14
111
88
112
91
113
96
114
97
115
79
116
32
117
58
118
9
119
54
120
50
121
70
122
18
123
84
124
15
125
26
126
4
127
72
128
14
129
90
130
86
131
13
132
61
133
71
134
22
135
25
136
63
137
90
138
29
139
28
140
9
141
83
142
35
143
94
144
82
145
91
146
1
147
94
148
72
149
62
150
19
151
54
152
18
153
44
154
7
155
29
156
32
157
83
158
89
159
14
160
40
161
85
162
25
163
95
164
47
165
2
166
28
167
21
168
74
169
73
170
16
171
42
172
30
173
81
174
46
175
66
176
36
177
23
178
3
179
23
180
26
181
10
182
99
183
51
184
71
185
32
186
94
187
18
188
65
189
93
190
93
191
80
192
1
193
16
194
87
195
23
196
58
197
39
198
48
199
81
200
64
201
80
202
20
203
99
204
47
205
77
206
25
207
36
208
98
209
40
210
93
211
9
212
81
213
67
214
88
215
30
216
85
217
74
218
24
219
15
220
7
221
11
222
55
223
81
224
80
225
35
226
41
227
15
228
93
229
23
230
9
231
96
232
75
233
21
234
59
235
45
236
89
237
1
238
5
239
94
240
8
241
59
242
19
243
25
244
1
245
84
246
99
247
34
248
27
249
57
250
37
251
83
252
16
253
34
254
75
255
53
256
25
257
39
258
20
259
12
260
36
261
11
262
42
263
75
264
32
265
96
266
33
267
61
268
8
269
43
270
41
271
85
272
70
273
30
274
8
275
47
276
91
277
31
278
81
279
95
280
36
281
7
282
87
283
36
284
85
285
25
286
81
287
42
288
45
289
6
290
21
291
51
292
80
293
92
294
58
295
96
296
17
297
44
298
93
299
4
300
52
301
39
302
26
303
83
304
17
305
52
306
14
307
86
308
26
309
28
310
62
311
94
312
57
313
24
314
76
315
30
316
24
317
7
318
89
319
7
320
15
321
91
322
16
323
2
324
23
325
89
326
5
327
77
328
71
329
12
330
31
331
48
332
38
333
77
334
44
335
97
336
80
337
5
338
19
339
34
340
11
341
95
342
16
343
17
344
43
345
26
346
94
347
56
348
17
349
29
350
73
351
11
352
54
353
86
354
88
355
60
356
23
357
24
358
60
359
28
360
48
361
36
362
15
363
15
364
97
365
15
366
56
367
79
368
80
369
78
370
49
371
20
372
87
373
56
374
96
375
20
376
75
377
98
378
59
379
97
380
95
381
48
382
61
383
43
384
39
385
21
386
93
387
51
388
88
389
83
390
74
391
56
392
44
393
91
394
86
395
74
396
80
397
2
398
20
399
29
400
70
401
15
402
76
403
38
404
79
405
54
406
23
407
97
408
90
409
69
410
84
411
25
412
65
413
63
414
33
415
99
416
74
417
72
418
76
419
76
420
22
421
5
422
90
423
96
424
4
425
92
426
75
427
95
428
70
429
22
430
39
431
74
432
78
433
30
434
27
435
81
436
72
437
24
438
63
439
85
440
97
441
95
442
61
443
20
444
98
445
50
446
90
447
81
448
59
449
86
450
99
451
9
452
25
453
44
454
8
455
65
456
24
457
79
458
34
459
86
460
78
461
28
462
28
463
68
464
30
465
11
466
46
467
36
468
36
469
52
470
28
471
51
472
9
473
91
474
79
475
26
476
44
477
71
478
98
479
54
480
3
481
94
482
37
483
84
484
22
485
30
486
49
487
35
488
23
489
62
490
57
491
92
492
90
493
76
494
7
495
70
496
68
497
92
498
89
499
88
500
5
501
55
502
45
503
8
504
58
505
49
506
99
507
34
508
64
509
81
510
22
511
52
512
81
513
80
514
84
515
84
516
90
517
43
518
47
519
1
520
61
521
11
522
13
523
74
524
94
525
35
526
60
527
33
528
84
529
9
530
57
531
51
532
81
533
10
534
49
535
47
536
49
537
30
538
26
539
72
540
30
541
16
542
70
543
41
544
41
545
6
546
12
547
11
548
91
549
23
550
80
551
25
552
46
553
89
554
27
555
93
556
42
557
71
558
13
559
23
560
88
561
67
562
49
563
56
564
25
565
71
566
70
567
71
568
31
569
38
570
35
571
60
572
18
573
74
574
70
575
46
576
40
577
72
578
33
579
88
580
24
581
50
582
41
583
62
584
29
585
33
586
5
587
92
588
83
589
55
590
6
591
78
592
17
593
3
594
84
595
63
596
67
597
15
598
17
599
70
600
35
601
41
602
79
603
54
604
87
605
20
606
8
607
71
608
20
609
81
610
54
611
70
612
38
613
24
614
99
615
38
616
26
617
86
618
28
619
91
620
66
621
78
622
88
623
75
624
33
625
57
626
43
627
15
628
90
629
7
630
79
631
26
632
55
633
63
634
54
635
83
636
71
637
87
638
75
639
9
640
25
641
34
642
72
643
2
644
2
645
35
646
40
647
92
648
4
649
46
650
37
651
80
652
87
653
25
654
5
655
56
656
52
657
4
658
22
659
30
660
76
661
92
662
81
663
13
664
3
665
28
666
15
667
74
668
70
669
17
670
67
671
39
672
12
673
19
674
67
675
32
676
7
677
86
678
74
679
97
680
18
681
51
682
12
683
45
684
70
685
98
686
38
687
31
688
59
689
98
690
31
691
67
692
66
693
45
694
33
695
32
696
53
697
59
698
99
699
73
700
21
701
65
702
23
703
86
704
79
705
97
706
69
707
69
708
58
709
72
710
50
711
66
712
30
713
24
714
13
715
26
716
81
717
37
718
43
719
4
720
90
721
84
722
15
723
72
724
86
725
99
726
73
727
66
728
85
729
35
730
79
731
47
732
87
733
1
734
77
735
52
736
28
737
25
738
66
739
72
740
29
741
69
742
73
743
87
744
48
745
64
746
38
747
42
748
33
749
7
750
51
751
17
752
17
753
95
754
83
755
37
756
51
757
51
758
1
759
79
760
25
761
4
762
83
763
23
764
92
765
4
766
79
767
30
768
47
769
61
770
97
771
57
772
71
773
70
774
75
775
21
776
12
777
28
778
24
779
22
780
62
781
31
782
34
783
78
784
84
785
63
786
30
787
91
788
17
789
41
790
2
791
77
792
25
793
86
794
48
795
26
796
86
797
50
798
94
799
45
800
85
801
9
802
95
803
71
804
10
805
93
806
46
807
46
808
21
809
63
810
26
811
23
812
27
813
78
814
17
815
93
816
69
817
5
818
39
819
30
820
73
821
87
822
13
823
6
824
59
825
21
826
33
827
84
828
23
829
49
830
35
831
61
832
33
833
79
834
37
835
54
836
35
837
62
838
69
839
90
840
18
841
83
842
71
843
54
844
16
845
78
846
50
847
46
848
69
849
54
850
56
851
81
852
12
853
65
854
72
855
97
856
95
857
90
858
13
859
88
860
61
861
61
862
24
863
71
864
29
865
64
866
90
867
48
868
42
869
63
870
59
871
8
872
36
873
48
874
13
875
89
876
17
877
58
878
90
879
81
880
71
881
86
882
15
883
68
884
92
885
53
886
50
887
68
888
8
889
39
890
58
891
45
892
50
893
81
894
29
895
56
896
60
897
1
898
26
899
51
900
88
901
2
902
5
903
7
904
95
905
49
906
46
907
63
908
53
909
82
910
81
911
38
912
1
913
32
914
18
915
74
916
46
917
55
918
78
919
75
920
15
921
23
922
41
923
3
924
6
925
14
926
58
927
54
928
19
929
56
930
30
931
17
932
33
933
39
934
92
935
69
936
82
937
9
938
73
939
43
940
8
941
86
942
15
943
25
944
58
945
21
946
45
947
18
948
63
949
55
950
10
951
5
952
22
953
51
954
37
955
66
956
61
957
2
958
2
959
81
960
91
961
91
962
45
963
96
964
53
965
65
966
5
967
61
968
39
969
49
970
92
971
38
972
81
973
35
974
67
975
28
976
8
977
16
978
44
979
84
980
69
981
40
982
91
983
64
984
46
985
25
986
94
987
82
988
2
989
27
990
8
991
81
992
8
993
92
994
52
995
16
996
42
997
18
998
72
999
93
1000
16
1001
