25
79
59
86
83
16
11
34
22
19
39
57
77
35
6
63
52
52
7
45
53
38
79
37
4
52
68
34
17
78
58
84
57
20
4
9
41
14
57
66
100
45
16
52
78
73
96
68
62
76
76
88
23
12
95
87
100
22
82
32
49
77
18
44
62
55
100
58
31
97
22
38
96
41
46
9
22
27
60
32
56
100
73
41
3
70
61
45
26
18
10
20
32
26
17
23
28
73
90
23
73
39
37
65
54
38
93
83
67
86
65
73
62
51
76
49
5
77
42
93
95
56
33
14
88
3
6
71
25
23
82
50
37
37
60
18
64
8
87
66
77
79
78
40
53
37
58
82
50
69
19
51
31
98
29
17
7
24
78
52
32
23
58
45
5
15
36
25
91
59
86
98
90
77
16
16
79
93
61
52
45
25
22
57
4
31
19
40
9
43
11
40
30
35
34
55
21
34
35
39
1
33
91
91
83
22
61
55
82
13
39
14
63
27
8
7
2
2
41
75
96
97
17
48
48
46
68
55
43
62
95
45
58
23
51
13
34
31
74
83
70
65
59
97
5
98
78
4
28
27
54
19
93
61
43
4
17
43
43
38
55
7
12
20
18
94
56
41
76
96
74
71
29
59
5
32
39
21
44
51
69
64
27
16
9
77
53
98
81
47
96
92
88
37
29
64
53
39
79
11
42
38
28
33
54
83
91
34
57
11
66
97
100
92
69
91
80
96
12
42
41
59
60
30
100
82
83
93
31
41
79
1
42
33
10
32
37
95
63
26
86
19
41
70
82
100
93
97
68
38
85
57
27
37
71
83
78
99
34
72
1
99
4
16
33
66
55
67
83
38
54
85
34
87
57
22
18
91
49
1
90
87
25
93
57
23
74
6
63
27
55
39
62
91
26
88
16
26
38
16
45
26
14
31
85
100
24
40
81
49
65
88
50
34
82
14
74
11
60
11
92
50
5
56
84
16
24
43
62
69
7
93
53
33
56
65
74
95
9
57
99
35
25
15
62
67
89
29
10
12
14
5
67
28
25
96
22
58
48
70
76
81
79
12
43
73
35
18
78
18
41
80
3
3
12
58
25
91
95
17
27
96
34
50
55
2
27
26
9
60
44
16
48
40
82
19
57
13
72
90
33
72
51
93
72
35
3
65
17
68
72
32
64
31
43
81
47
29
58
41
47
10
9
19
74
26
33
63
22
93
2
12
19
5
85
55
46
42
79
21
99
63
10
42
89
12
52
17
97
1
73
28
56
32
44
23
64
33
19
47
3
41
43
24
66
60
14
59
47
89
35
5
51
37
43
84
1
68
30
63
74
16
66
21
21
74
57
88
62
62
92
13
24
33
19
58
20
86
76
30
99
93
71
9
67
68
77
19
89
60
23
97
3
56
73
87
75
23
4
93
3
27
98
85
98
22
82
19
19
85
65
15
92
100
64
81
46
58
54
54
97
38
99
3
40
95
11
68
60
32
84
97
83
84
27
73
96
86
11
45
86
59
1
4
95
8
5
4
93
92
41
18
69
50
96
66
28
96
46
3
12
14
59
87
2
68
33
9
74
91
86
60
47
10
68
39
38
96
8
32
91
8
76
68
92
67
28
33
89
62
46
1
41
9
33
72
100
14
2
28
75
97
30
2
7
82
71
60
82
57
28
33
88
15
13
5
39
91
96
36
40
1
20
12
46
85
20
39
78
97
39
25
94
81
57
94
78
74
62
10
96
69
51
32
35
14
13
27
97
28
34
9
18
67
88
74
77
19
57
22
62
33
83
86
19
4
39
8
58
19
28
66
30
86
41
71
51
89
78
33
73
94
43
50
63
30
7
28
93
84
17
60
18
40
48
64
87
65
14
31
75
6
69
78
1
68
80
32
26
17
24
89
41
24
50
69
91
33
23
89
97
12
15
75
3
69
49
91
39
77
85
87
76
47
58
68
25
65
49
96
51
75
2
77
60
29
19
94
91
80
74
55
42
25
34
64
91
95
76
33
20
90
94
49
33
38
13
94
66
83
45
26
84
28
38
23
10
39
15
74
50
55
100
59
4
31
45
51
14
95
77
30
90
17
76
62
81
53
45
23
16
26
28
8
35
48
71
14
88
12
55
52
81
2
84
65
90
35
46
3
93
63
81
72
6
15
37
68
52
76
42
57
95
93
58
24
28
93
24
57
60
31
64
2
41
25
50
88
34
12
73
46
8
42
30
54
46
57
2
21
12
4
63
12
70
98
58
89
45
60
38
97
11
89
43
63
99
79
31
82
